10_png.rf.ab6fbd0ab23e9e15e8d485e173a04338.jpg 0,0,635,638,0
31_png.rf.abe267bdc0c201c435d6d00d2689d15e.jpg 0,0,635,638,0
69_png.rf.ac2331096ba3930415dd1f6275350b56.jpg 0,0,635,638,1
90_png.rf.af2e97f9cf366bb99e97bc6b36b4b811.jpg 0,203,640,529,0
39_png.rf.bd29abdd5bd0a606454248413130cf3c.jpg 5,0,640,638,0
82_png.rf.aefb59a8bdf389f822361f2f9c409fca.jpg 10,321,640,531,0
221_png.rf.ac406c70e022b5bc7c93221bc50e7850.jpg 296,0,438,638,0
42_png.rf.b2f0d2ddb19b4d9341cd1a98aecbce1a.jpg 0,0,635,640,1
64_png.rf.b7db2b76622dfc12ae93d5d5dd4f9d95.jpg 5,0,640,638,1
208_png.rf.ae93885f120ef166a68fccc52ff7d603.jpg 3,0,640,638,0
75_png.rf.bb321ae0c999e4fe1a8f430649e15eb6.jpg 5,0,640,638,1
201_png.rf.ac2f67c15c9fcb69295e8de9508413f1.jpg 232,0,363,638,0
133_png.rf.b523b8e6661a64a6a19fb6cbcd0f79ea.jpg 5,0,640,638,0
81_png.rf.b45166fec8aab2553a8fdbfe5ac07168.jpg 0,0,635,638,1
47_png.rf.b336c7dadc82a7383467f474c4a4f041.jpg 5,0,640,638,1
28_png.rf.b10c280bc5886c9a93ddcafadfcb9799.jpg 0,3,640,640,1
138_png.rf.b090e5ec2e318d496570d37aca920e1a.jpg 141,314,479,565,0
1_png.rf.b1683a62b133f72602ce77ae759a351c.jpg 5,0,640,638,0
157_png.rf.bd73cbfc02c41f9000d2cd7cd35c2a20.jpg 243,0,384,638,0
65_png.rf.b2db07155d600e1b088d6d9dec4041ac.jpg 0,0,635,638,1
142_png.rf.b05878ae2388ee19e5e77684bc0b8786.jpg 0,19,598,597,0
58_png.rf.bbdbe87aaa1e843b29eb7e7878619001.jpg 5,0,640,638,0
71_png.rf.bdd0dc9caa07c9e5db34a507f20b3c54.jpg 0,0,635,638,1
160_png.rf.ae9b88173cb5e7f0d5b98f859d91260c.jpg 241,0,386,638,0
117_png.rf.b6259ec73a75c3ed81c24d2458c4f09a.jpg 5,0,640,638,0
205_png.rf.bed0d8e1edd02cfb348b36d9f1435097.jpg 248,0,370,638,0
82_png.rf.c00eaeae25baaa05188a82283c85cf2b.jpg 0,321,630,531,0
83_png.rf.bf7a200ba79520cff19c645599340140.jpg 22,117,640,333,0
200_png.rf.c2ee465f6d46d413fad514f43f0b597d.jpg 229,0,360,638,0
38_png.rf.c7348a23b5b797b12ff631fa6665b5eb.jpg 5,0,640,638,1
122_png.rf.c18d7f4efcff0b2d71b07965675090fa.jpg 0,52,640,448,0
52_png.rf.ca3608ba47ee2962280e0d967bca15c9.jpg 5,0,640,638,1
150_png.rf.ccc40bb4f3741a4c65719f1086628815.jpg 47,431,620,634,0 0,17,633,333,0
199_png.rf.bf3e7bbff3fc1fbe56d28658b7faed61.jpg 261,0,376,638,0
85_png.rf.c7f7aaf39c2263f15d505c1a146f9459.jpg 7,0,640,640,1
124_png.rf.c7a77734a405c09a074f620da636d280.jpg 0,0,635,638,0
11_png.rf.c52effa25c5f33eca82b3a7937af914d.jpg 0,0,635,638,0
25_png.rf.c1ebe406b6afffa6b221a04d1d8661e4.jpg 0,0,640,640,1
219_png.rf.cfa7a69c80f6fb642b852a5a1ff9f426.jpg 299,13,420,607,0
208_png.rf.beeca26b8835dc5ea777ffd498d208a4.jpg 0,0,637,638,0
84_png.rf.c84ff6ef1a2504d7f8f2a374a04f6442.jpg 5,288,640,638,0
146_png.rf.cc0eac5dd2f764b28f912c5ac8b6c319.jpg 5,0,640,638,0
76_png.rf.c3bc341314e44c3b6b75b4830389abf7.jpg 5,0,640,638,0
119_png.rf.cd1ba814cfd86f6e80160c2b97f33bb6.jpg 0,0,635,638,0
0_png.rf.cbd0405ebe190363ae8bc93998dc9443.jpg 0,0,635,638,1
126_png.rf.c229226e38abe3260637b7ed65164283.jpg 0,0,635,638,0
232_png.rf.c51067c8c51b255cd6effe88136bf2ba.jpg 5,0,640,638,0
126_png.rf.c715a613d7860e5eabcea57b00e2a508.jpg 5,0,640,638,0
221_png.rf.ce920b655d81adc6298c0fe9c07d1cd3.jpg 202,0,344,638,0
177_png.rf.d0f288a3666752c3a5c102c6156e17f1.jpg 259,0,391,638,0
99_png.rf.d4e2594c83521d6b666232d5653992c2.jpg 0,0,640,640,1
32_png.rf.d23517040fb2af2fb5102774eedc6e86.jpg 0,3,640,640,1
110_png.rf.d0a33b817b675db30ab0fa929cbcd290.jpg 0,0,640,640,0
209_png.rf.c17beeb800b49b0f48c997add1b57b1b.jpg 3,0,640,638,0
50_png.rf.db94cde7dd8d814e94a46fb8c3d03961.jpg 0,0,640,640,1
69_png.rf.d466384550e9b924e573f5093851dc08.jpg 0,1,635,639,0
62_png.rf.d848d4506170717893348f3b4a8097c1.jpg 5,0,640,638,1
31_png.rf.dc87ca0fd300ead09ef284d2e72357bd.jpg 0,0,640,640,1
139_png.rf.d5eb6613c1a619375db3c8cbc1f4bbae.jpg 146,68,484,320,0
9_png.rf.d849cb608809657d759639557f67ebec.jpg 5,0,640,638,1
80_png.rf.bf7a64ea84dca870e4dec92900cdfaa3.jpg 0,0,635,638,0
75_png.rf.d06c36563bb3536249a957b536d37aa3.jpg 5,0,640,638,0
146_png.rf.d8048e7254f9d4972d49edc6614e0f1b.jpg 0,0,635,638,0
63_png.rf.d995762d8522ec6bc33ebf7b8406bc8f.jpg 0,0,635,638,1
107_png.rf.cc0a719c474c1e7c55c1b654fd311e95.jpg 0,0,640,640,0
9_png.rf.dc6e180530ea5b7b643c070e01b4539d.jpg 0,0,635,638,0 242,87,506,581,0
139_png.rf.d0c880ca204afa369f3055b868889255.jpg 156,68,494,320,0
170_png.rf.e0ee6c90ed44b9f49944dd90a910903d.jpg 0,0,635,638,0
216_png.rf.e26ef3c3243afe465b015d94bc26fce6.jpg 236,292,364,640,0
143_png.rf.df07784a82e36518d7eb1e90765396cb.jpg 5,0,640,638,0
142_png.rf.dc2f25ccf9196dbd50d6364afeb9c18a.jpg 42,19,640,597,0
10_png.rf.d851aa76bb7ee5b3e9e66f2c19169fe9.jpg 0,0,635,638,1
167_png.rf.e3d3ee5a73ccb759c85f540855b6ea31.jpg 257,5,450,640,0
116_png.rf.e467a59801ae589fe28b38556142cc58.jpg 5,0,640,638,0
47_png.rf.e412b8c309458f362db05dd352e6959b.jpg 0,0,635,638,1
51_png.rf.dcab6dbb44cbe681521af1d7dfb8a532.jpg 0,149,640,640,0
32_png.rf.edf5d0e7da47b16507dcd47ed588ff55.jpg 0,224,601,613,0
29_png.rf.e270323073b642ac5c2bacee314ae16b.jpg 0,0,635,638,0
15_png.rf.dcd80b34f1bdf8806c4bb1af5488a467.jpg 0,90,581,254,0
14_png.rf.d7bec2c2749c7be46741159a70acdbb8.jpg 0,0,635,638,1
47_png.rf.e3c2be56913506662c61f46c44037af3.jpg 5,27,634,628,0
98_png.rf.deadd4e4d1c8878a556b495537c529ad.jpg 0,0,640,640,1
98_png.rf.e3279d47b299b0d865573e4ec22bd4e5.jpg 0,152,640,535,0
205_png.rf.e51a83c0d40978bcf2624d2438f55833.jpg 270,0,392,638,0
241_png.rf.ea059867c45ced507786cfab8ac841ef.jpg 0,0,635,638,0
128_png.rf.e06e6a870fd080c94d6e76a51f7c1cd9.jpg 273,336,488,408,0
172_png.rf.d82ef4480a6678af11b96fc7624f2dad.jpg 3,0,640,638,0
123_png.rf.f0b744de5653f04c467d0fccb707ed19.jpg 213,456,507,561,0 0,207,267,345,0 322,198,640,317,0
88_png.rf.f26ef0f6bbe4949b75dd8f4b55c8cf38.jpg 0,0,635,638,1
55_png.rf.ea9b88fb6c66d537ef4747e09d967bfa.jpg 0,0,635,638,1 0,107,640,640,1
241_png.rf.ef333cd41056d82b148c4b6828f2aeeb.jpg 5,0,640,638,0
96_png.rf.ec8c189f457b7df9e5f94d1c48cbf364.jpg 0,159,640,507,0
224_png.rf.f2c8353b7da555cbe762cf79f332950a.jpg 226,0,379,638,0
69_png.rf.f590b4005f4e490d901d443e6421a99f.jpg 5,1,640,639,0
200_png.rf.ee919c2c9670e9d9a7eb291e66eb4e41.jpg 280,0,411,638,0
43_png.rf.f71fea0be1c363c56a34fc1c82139163.jpg 5,0,640,638,1
127_png.rf.f3027a8056d9b0ff19e665a7bbcdd8ad.jpg 5,0,640,638,0
73_png.rf.f0aa20897f911b80c0f37de1381f1b38.jpg 0,0,635,638,1
76_png.rf.f9ee0354a613bd24b56f4b2293f06ac3.jpg 0,0,635,638,1
25_png.rf.fc0150a803d3eff4b4f28a2bfa7c3bd9.jpg 0,0,640,640,1
189_png.rf.fd11e035d3fb9daa56c35445b423328f.jpg 3,0,640,638,0
15_png.rf.f3f698f4ad40c6a0728e4c5b6212540e.jpg 59,90,640,254,0
102_png.rf.fdfb0c629e578a06da25db15af28e1bb.jpg 5,0,640,638,0
189_png.rf.f91500fc762cb07395bc77c8c91f2e7c.jpg 0,0,637,638,0
120_png.rf.f3494b71882b4b6eedab6f3f373fbf03.jpg 35,211,640,578,0
46_png.rf.fc288149b5d4a9dd23efb7389e9ef7ae.jpg 0,0,635,638,1
40_png.rf.fd4c66ceab2b25cf0db0393e954480f3.jpg 0,0,640,640,1
158_png.rf.f9fb58dedd33197b2625c4f0aa797844.jpg 249,0,390,638,0
116_png.rf.f78d95188b0151c5a2b2e823030ee1e0.jpg 0,0,635,638,0
96_png.rf.f110ed2658288ae371681fa271157f79.jpg 0,0,640,640,1
143_png.rf.0b7831d783202888be966fe1d6512c0c.jpg 0,0,635,638,0
97_png.rf.123678ce7bae48c51f2b09fee9d0d306.jpg 2,0,640,640,1
52_png.rf.0c11a956b0beac140a626851ef5148c2.jpg 0,0,635,638,1
26_png.rf.0b8b0c85110f17868e39aa2443fda158.jpg 5,30,506,324,0
12_png.rf.0ac443edae134acfb7fba068a3dc28b5.jpg 0,0,635,638,1
34_png.rf.1289d9db4dfe459d1df899b692c38806.jpg 59,78,640,436,0
148_png.rf.068691be5615f4846d8e291c9b39e605.jpg 0,0,640,640,0
79_png.rf.0be5441b3084f5ca0b52448f65d2ce1d.jpg 0,0,635,638,0
70_png.rf.15b7c967dda5a7191bcc5f7089398c58.jpg 0,0,635,638,1
4_png.rf.0b56bca39c02bad6f9562ce34bdf77d1.jpg 5,0,640,638,1
60_png.rf.104a670c821b6012d57122da27a8cf55.jpg 0,0,635,638,0
167_png.rf.0d0dcf69195a3b66918bfc3a1459d711.jpg 190,5,383,640,0
186_png.rf.15cbfb0b73f172440cc1ebdc738a59dc.jpg 233,0,395,638,0
138_png.rf.142d8dcb3ac49a3f2ec8869bcc16a7d7.jpg 162,314,500,565,0
46_png.rf.0c058c0916e267bdb770a785b7c6766c.jpg 0,2,640,611,0
112_png.rf.083282c2da668987ab28d5e9553731e2.jpg 0,0,635,638,0
128_png.rf.126caabe2cf3fc4397cec1e2a85f4c5e.jpg 152,336,367,408,0
94_png.rf.01d7c2ff1d45088aab7db06633663543.jpg 427,359,544,419,0 0,86,633,550,0
5_png.rf.060c44a61172d913790f9b186838dc26.jpg 0,121,640,439,0
71_png.rf.11300e4ec5fc107a554629a7a1138b3a.jpg 5,0,640,638,1
130_png.rf.0c74b5716a83d7446ae4e8c6fe720f28.jpg 273,226,488,294,0
160_png.rf.06e128344b2d4514bcca586b746339a0.jpg 254,0,399,638,0
151_png.rf.162ecfb9a433974982dfafeb2897d8d6.jpg 0,9,609,298,0 0,374,640,635,0
64_png.rf.16aa01ccc388eae6156c26e8d3553b6c.jpg 5,182,609,640,0
219_png.rf.141003dba622621d76a36e1a40ccb2d3.jpg 220,13,341,607,0
174_png.rf.19edfa72a7ec14a49589c7f5578e019b.jpg 2,0,637,638,0
38_png.rf.17bf4ed67d6bc32ce73e43eb9f53743c.jpg 0,0,635,638,1
41_png.rf.1d97617e16198b4c5ef2106da563cdb5.jpg 0,0,640,640,0
32_png.rf.1c32f36fa171a41d242b4c13b833d004.jpg 39,224,640,613,0
63_png.rf.22db861b5a10a83e0523d6368200e77a.jpg 0,0,635,638,0
49_png.rf.175e18a59699b811e19785fecc990ebf.jpg 0,0,635,638,1
199_png.rf.1c861e837a8bbef71eea799177524546.jpg 264,0,379,638,0
130_png.rf.1a727b9ec5572754d37b3f98b9973dc0.jpg 152,226,367,294,0
203_png.rf.17706310d69ca374c484c0b6277168b3.jpg 3,0,640,638,0
149_png.rf.1d4495371daff07def65841554797e2e.jpg 42,431,620,634,0 46,9,640,291,0
140_png.rf.219e31f7910a2648f6fd9e4b4e646a69.jpg 105,59,442,598,0
136_png.rf.1bcfd45ac7ca17fa38693ba6d9968481.jpg 130,68,479,320,0
41_png.rf.19367b5efcbc1672205286eb741223d0.jpg 5,0,640,638,1
90_png.rf.162ffa48d95ee941c46b8b675774331c.jpg 5,0,640,638,1
6_png.rf.18861f8534e7da3ef908222f31d8769b.jpg 0,0,635,638,1
198_png.rf.251cb66eee1af7e86c50b248910ec97e.jpg 2,0,634,638,0
239_png.rf.00f820c8258f64ffe6653f5650d7bc0d.jpg 0,0,635,638,0
162_png.rf.1bb37c7bd9941779eb40e777cad29793.jpg 241,0,384,638,0
201_png.rf.25b7f11c6486f7d7bf6093342d521ca6.jpg 277,0,408,638,0
74_png.rf.24682068208977326b31c2e443b71f10.jpg 0,0,635,638,0
4_png.rf.23efbc5c8ba520a81fdbe4b7934b5efa.jpg 0,222,640,557,0
39_png.rf.21df51f84d0ffd444daf7f50500aaacf.jpg 0,0,635,638,0
46_png.rf.23957a2df3c1eaa66d2d69e0a403ce2c.jpg 0,2,640,611,0
81_png.rf.24a5760cbef70d203fc2b264af181a04.jpg 40,93,563,337,0
24_png.rf.2722071cab844911cfd638abc7f2468c.jpg 5,0,640,638,0
237_png.rf.32418716cc0670253b1a4f0c90542d9f.jpg 0,0,635,638,0
81_png.rf.22e7ae460ee70234832994f036f555f4.jpg 78,93,601,337,0
1_png.rf.254216644b820f0f775642cc58f66122.jpg 0,0,635,638,0
92_png.rf.226c16d4b1f355f008a3941d59ecbbb5.jpg 0,129,640,640,0
58_png.rf.30084013f57c70ac5296f3035c5c9a88.jpg 0,0,635,638,0
86_png.rf.181d9795340c5aa90c99d53d3b365d2c.jpg 0,0,635,314,0
74_png.rf.2d471340ea11f1713bd17e6a91a03a49.jpg 0,0,635,638,1
133_png.rf.33b4ab1c058f56a8f0c899a8afbb7f26.jpg 0,0,635,638,0
242_png.rf.37b58cbbc4d24e39c38b2a36edfcaf90.jpg 0,0,635,638,0
223_png.rf.36ef75f4c3e994d039e441976f44598f.jpg 296,0,441,638,0
40_png.rf.36e3ade87767581fd696a5a14e5f02f8.jpg 0,0,640,640,1
62_png.rf.346b1a11f1e8410f48cb0ae179625696.jpg 0,0,635,638,1
14_png.rf.32c703f8a74b63e2f5157aa999c985c3.jpg 0,434,640,547,0
31_png.rf.3a7e38360b04bb5d0e87c19647a67bb5.jpg 0,0,640,640,1
216_png.rf.2f9f2fe2c625a576a610d2dcccd0eda3.jpg 276,292,404,640,0
84_png.rf.30bfb9aee5704ed19eddd1cbc852fdaa.jpg 0,288,635,638,0
88_png.rf.2f46cde792507bc5b4c5a5db211c977a.jpg 5,0,640,638,1
6_png.rf.3783669c7af07c47dcf7896a19976172.jpg 5,0,640,638,1
4_png.rf.3b560e2cbfe0be093a9160c49251d77f.jpg 0,222,640,557,0
56_png.rf.2679b6c0d46dfe4b61bf58d1590f74df.jpg 0,0,635,638,1
150_png.rf.30c6600ebb2212d23a724a6607ee2acf.jpg 21,431,594,634,0 7,17,640,333,0
34_png.rf.3bd3787e790aac8349426e2ce0c26dd6.jpg 0,78,581,436,0
151_png.rf.402a3d8c77113b312791288fa6cde738.jpg 31,9,640,298,0 0,374,640,635,0
70_png.rf.3a9817945d059e5c5a058a3142953580.jpg 0,0,635,638,0
91_png.rf.3b09c6d9cdd1827b55edb313a6929216.jpg 0,0,635,638,1
31_png.rf.3f4f9e5041d072238298a54c151fce98.jpg 5,0,640,638,0
97_png.rf.44831e4c012475763c5a45879c547cb5.jpg 0,0,638,640,1
181_png.rf.47cab0a74b9b2ade7ffc5fe79fc3b1b6.jpg 257,0,392,638,0
180_png.rf.4959bac4fac32164af52f5fb6318bbcf.jpg 268,8,371,575,0
36_png.rf.423db386bfab2da7da08d1d3bf89a21e.jpg 0,0,635,638,1
243_png.rf.3791517b524a4085b35e9a3ab1d8dce8.jpg 0,0,635,638,0
86_png.rf.4d5822899c5188637f393252527157da.jpg 0,3,640,640,1
144_png.rf.3d16d9c1fc7439707617bd332cfd53bd.jpg 0,0,635,638,0
50_png.rf.3d0610c5dca16d60a48c475f5ca1dfef.jpg 0,0,640,640,1
24_png.rf.43d801439aaca4f1601fa69d34ea2250.jpg 0,0,635,638,0
51_png.rf.506f6efad363afae74b5ec87cf469212.jpg 0,149,640,640,0
5_png.rf.43cea01d9f70a1ae64c60cbcba40c0bc.jpg 0,121,640,439,0
99_png.rf.405ba62c9fe44ab34ab42401ce7027ac.jpg 0,0,640,640,1
23_png.rf.543488fc7634b367719025a53d61ee92.jpg 0,0,635,638,0
183_png.rf.4580f060528c644afc7c8ad3b2b413e2.jpg 254,0,383,638,0
181_png.rf.42c74e1c5d5549ed347815b4c4d0e64e.jpg 249,0,384,638,0
107_png.rf.48061a325e98a8ed7fd8e169a33c0bd8.jpg 0,0,640,640,0
76_png.rf.3c8bc1bf9296ff65d64f2a68f56ae0cf.jpg 0,0,635,638,0
64_png.rf.48a0d4baad599e7b50b68ee204101a69.jpg 31,182,635,640,0
63_png.rf.43a4774b4fb253a7fe302204ed54857a.jpg 5,0,640,638,1
228_png.rf.46a0b272ced84c52ff84676487c88675.jpg 3,0,637,638,0
91_png.rf.4f297bad8f549e0489a4b10cd50361fa.jpg 5,0,640,638,1
14_png.rf.4f552c326ddeb9ccea34d3afbb1ea711.jpg 5,0,640,638,1
34_png.rf.5fa3c26008ebe5f839806ac4a46033e3.jpg 0,3,640,640,1
53_png.rf.54e7fee67ed31aa9a6603f98445662fd.jpg 0,0,640,542,1
97_png.rf.6396ce60f829047761e4c39eb73f11e4.jpg 52,172,640,505,0
209_png.rf.57717d034a45f9a9a0cf0337eb6265f8.jpg 0,0,637,638,0
222_png.rf.51a178c5aa5eaf803d4f07c22110e77f.jpg 305,0,447,638,0
158_png.rf.5c9c9c8e107caf9392aa7b69a5282675.jpg 250,0,391,638,0
84_png.rf.58b164baa987a3310938dea17b49015c.jpg 0,0,640,640,1
206_png.rf.63c06158b8c99064467362a1cde8b3f3.jpg 243,0,367,638,0
51_png.rf.606f068410d6256e05700c27d138e792.jpg 0,0,640,640,1
57_png.rf.63e5c9a2b51897df8902f0b541c4c6c0.jpg 0,0,635,638,0
9_png.rf.628f19ac22fd0c944849fa76224e160e.jpg 0,0,635,638,1
41_png.rf.67440b2732336523355cadfb95290f93.jpg 0,0,635,638,1
93_png.rf.6843bebceaa0d7332499f70103ea4cc8.jpg 101,359,219,419,0 0,147,640,537,0
68_png.rf.577897dd05ee436dc624fc652525e311.jpg 0,0,635,638,0
35_png.rf.647f3e34dc803af556b4398204cb756a.jpg 0,2,640,638,1
90_png.rf.64ae8f14751f74a3ad7ad507a14a8c8d.jpg 0,0,635,638,1
34_png.rf.56e6d461d4c82ab6f089c9b26fbb8aa7.jpg 0,3,640,640,1
65_png.rf.6972c504e4b2d7d315a8a00dc9d33eb2.jpg 5,0,640,638,1
124_png.rf.5ec8773c6a1af5732f1ef086b3f17f3c.jpg 5,0,640,638,0
233_png.rf.6bac06fae4e66ed4ceb831aeb40e2217.jpg 0,0,635,638,0
227_png.rf.6a5a333ab29e550d12b182c1ba3e4669.jpg 252,0,408,638,0
84_png.rf.679c8ff1e7e30bc64ba3e7ddb575cbac.jpg 0,0,640,640,1
97_png.rf.5e1d8b773c91ffa8ca8f000a756eefb9.jpg 0,172,588,505,0
192_png.rf.66930a2fba933d62e3ed1f34de87f68c.jpg 249,0,372,638,0
63_png.rf.689e4424a3eb83fd12ad51f4a7636e84.jpg 5,0,640,638,0
92_png.rf.6d9c94a459fcffd7acb701aafe35d259.jpg 0,6,633,640,1
66_png.rf.7008bc2cd332a703d7a840e19b68389e.jpg 0,59,640,640,0
186_png.rf.70aa8672a90ffc56b17bc8f13a77f384.jpg 245,0,407,638,0
85_png.rf.701335216035f169d6597e9b776e9e9e.jpg 0,0,635,335,0
168_png.rf.71010723d54bc2780aef4965c49d4f41.jpg 5,0,640,638,0
195_png.rf.6d15176ae1296a5653d7b24054c68d9a.jpg 262,0,382,638,0
92_png.rf.6ec8192d3b8e668fc6d542e900d59148.jpg 0,129,640,640,0
25_png.rf.72a27d990cfe311856fe00c75e449a04.jpg 148,21,640,323,0
227_png.rf.63e72ef9491257531a9471d49559454e.jpg 232,0,388,638,0
224_png.rf.649c3adce4b94e3634a4cf620359b0de.jpg 261,0,414,638,0
87_png.rf.7017a215e90d1713067f3d8b4bda6082.jpg 0,289,635,638,0
98_png.rf.6e5cbadd9c3bb0297233bf8a1e464315.jpg 0,0,640,640,1
70_png.rf.6f45e902c21f428d3ad98ed2e78acf0d.jpg 5,0,640,638,0
127_png.rf.6c17b6f066c5dd8e53745bd7854af350.jpg 0,0,635,638,0
148_png.rf.727f9d6eb7d8e0d27a6ca0ae05748dd7.jpg 0,0,640,640,0
202_png.rf.76122bf2ac436275dbf2c9d3b3910807.jpg 226,0,359,638,0
41_png.rf.6c18d913789286d7865816bdbcf27c6c.jpg 0,0,640,640,0
47_png.rf.6bfcb28caa46d95c99acf2a850f77427.jpg 6,27,635,628,0
55_png.rf.6d8926e80384453f1a4184ae15105a98.jpg 0,0,635,638,1
92_png.rf.6b2d7e2fee5644fdd61cedb0c0fc2bc6.jpg 7,6,640,640,1
203_png.rf.78af853a898ec1df99b473d10fce2e2b.jpg 0,0,637,638,0
168_png.rf.7553d15428a61cbe52afbf862510bc88.jpg 0,0,635,638,0
69_png.rf.716b1dffbb6dc002105c06649ce586b2.jpg 5,0,640,638,1
36_png.rf.73cd1a1ed50bc8a1669cda0fb3a8a25d.jpg 5,0,640,638,1
222_png.rf.73a96789a706532e4e557df062267984.jpg 194,0,336,638,0
79_png.rf.6f2775a7080eaa0d290e568b07c32ffb.jpg 5,0,640,638,0
4_png.rf.77871ab44156035e37eea49ef78ee31e.jpg 0,0,635,638,1
49_png.rf.7bde658ee22306ed24fe56ce45b2a691.jpg 5,0,640,638,1
37_png.rf.76b10b0a000f64f4dc75804ce649ee72.jpg 5,0,640,638,0
113_png.rf.7f76283d9d1f507dd2bbd1be5ee4ba44.jpg 0,0,635,638,0
74_png.rf.7aa11ced02017f31f48c4c0bb96ab54c.jpg 5,0,640,638,1
117_png.rf.79bf8dd82f8ab4c3b9a8a3a28a55330d.jpg 0,0,635,638,0
28_png.rf.7fa106f60d6be8ca0e02db3b37c7dc3c.jpg 0,3,640,640,1
165_png.rf.68c3383512ee9feaae2b9521da1d04aa.jpg 242,0,398,638,0
162_png.rf.7fd0fadf05e13814b367ec505ac586ca.jpg 256,0,399,638,0
26_png.rf.7c18354ab9aadb4794b1225f680dfb94.jpg 134,30,635,324,0
137_png.rf.82b3e917951f09c21e73c92bd82253c5.jpg 156,314,489,565,0
16_png.rf.842557cbf26cabc1ab4a8972f12203f1.jpg 0,0,635,638,0
134_png.rf.82764d11c8c5ffa40279900e85bfb484.jpg 5,0,640,638,0
10_png.rf.85fd77655a6051e52d61278a09980ac5.jpg 5,0,640,638,0
134_png.rf.7f2cf9f326f1618f1a46a391bd7ce323.jpg 0,0,635,638,0
154_png.rf.771283b04417de6b877800b71c66f5b0.jpg 230,0,376,638,0
169_png.rf.8194ec41d90d6b7eb12655718a0cb715.jpg 3,0,638,638,0
29_png.rf.896837a616696a5506a625589d8ca246.jpg 0,7,621,556,1
100_png.rf.83e75f980343bfc3381e85ba12cf4ef3.jpg 0,0,635,638,0
159_png.rf.87eb785a3045c2a54a803a2032103705.jpg 240,0,384,638,0 0,0,637,638,1
11_png.rf.88763ecbf7fa31c6761abab17e6d058b.jpg 5,0,640,638,0
166_png.rf.8b8a3a4d4eb3fb88bef137b31a9396fd.jpg 237,0,393,638,0
177_png.rf.88c9671426e760d8a43170d46da73e9f.jpg 249,0,381,638,0
37_png.rf.8d4c33cbad940c5a6b3526551a71aa2f.jpg 0,0,635,638,0
51_png.rf.7cd1d0702fa0b312799142a0f92511b6.jpg 0,0,640,640,1
198_png.rf.8845e2135a0b0c68f30ec8875723fefb.jpg 6,0,638,638,0
14_png.rf.8ff623790ac9b177395ab2a5d4b79979.jpg 0,434,640,547,0
96_png.rf.8cfdd3de81492978188db1dc710be929.jpg 0,0,640,640,1
115_png.rf.8a8d4f4a1990c014b12944cb9f8bf70e.jpg 0,0,635,638,0
243_png.rf.78c1e44db025a7117d5d7ca4f5b35628.jpg 5,0,640,638,0
44_png.rf.9389ca3cd303e1aaf5d9f847e5d7e441.jpg 0,0,635,638,1
20_png.rf.89b214a34558b5f294aae106cb8fabbe.jpg 0,0,640,640,1
66_png.rf.91df36c90820c71cdc07deacc07aa315.jpg 0,59,640,640,0
75_png.rf.88ebb4d7e49f79cd89f77598525e347b.jpg 0,0,635,638,1
85_png.rf.8d24bd939a6aa3de2360a422055eb055.jpg 0,0,633,640,1
94_png.rf.953881248223dc2f7abe1aef2571c27f.jpg 96,359,213,419,0 7,86,640,550,0
96_png.rf.9013d7be9934813fd36ffd875ff98ef6.jpg 0,159,640,507,0
95_png.rf.8deb0b2c0c04bf8dc680199363610090.jpg 0,1,640,640,1
29_png.rf.9263e421e01cb2352e5396d1b1b3302b.jpg 19,7,640,556,1
195_png.rf.92eb0c61dd30f5e7f89c461609597e11.jpg 258,0,378,638,0
102_png.rf.8ef51c5f6777a5f17b9d89ba5a3b5a54.jpg 0,0,635,638,0
228_png.rf.89bada4e13c6000fc7449ed42b221f93.jpg 3,0,637,638,0
66_png.rf.93c702954fd1c960938715c7751a8c86.jpg 0,0,635,638,1
43_png.rf.914838a082f814aadf6157162c9945a2.jpg 0,0,635,638,1
35_png.rf.95d8ef9bdc5941c661200d4c6d1360b4.jpg 0,2,640,638,1
76_png.rf.98e7b4499e19bd380a117a03ae2a1ccf.jpg 5,0,640,638,1
214_png.rf.933bbab05dedfb18d15caf5a8c431dfe.jpg 5,0,640,638,0
157_png.rf.7ad45a894f9fd58a965be824e69613af.jpg 256,0,397,638,0
93_png.rf.97369a8ff0883bf4bfe19db54b660e6f.jpg 421,359,539,419,0 0,147,640,537,0
232_png.rf.9f28e558092d540b646d1eac3c71f8b2.jpg 0,0,635,638,0
204_png.rf.97383f70632e077c9842b08bc6416e77.jpg 0,0,637,638,0
64_png.rf.a0440e49bd828fdcf7de2802621231bf.jpg 0,0,635,638,1
122_png.rf.9dcafe6c0aaddc277e6b3859e112a686.jpg 0,52,640,448,0
68_png.rf.9eba4cc21a415c45291524868ffba8e2.jpg 5,0,640,638,0
210_png.rf.92d6ef39668202abdac24d572208e3c4.jpg 0,0,637,638,0
123_png.rf.a27a3af9b249aed89117b38a867e3f35.jpg 133,456,427,561,0 373,207,640,345,0 0,198,318,317,0
0_png.rf.a2cb72dd2f6a52d5d8cb8c651d70bf55.jpg 5,0,640,638,1
180_png.rf.964ab2529bf77ee0a9badf0c3ad43e0a.jpg 269,8,372,575,0
231_png.rf.981e26bdc1bf87113c26f4001cdf4899.jpg 0,0,637,638,0
75_png.rf.a6d7741dd84572b9a924017bb35aef64.jpg 0,0,635,638,0
74_png.rf.a020b2189c3cdfb173ec6303489eda6e.jpg 5,0,640,638,0
214_png.rf.a421128238259d1b1de81f606f052d6a.jpg 0,0,635,638,0
20_png.rf.a61eee8134920b572bacd97db3cc20f8.jpg 0,0,640,640,1
66_png.rf.aaf7dafbd64b8be13c49b05a9aa055ff.jpg 5,0,640,638,1
166_png.rf.a0dbc2b120424af52b008ecdf7ba0098.jpg 247,0,403,638,0
13_png.rf.9efd12823ba746cab00835f9e4f4ddce.jpg 5,0,640,638,1
140_png.rf.9e9defa97fd122c0f036152d2b161ec4.jpg 198,59,535,598,0
53_png.rf.9cda21038eb4fd4acfb903a04f4a10d1.jpg 0,0,640,542,1
13_png.rf.a845059a1d50c0d7b00c14e32111749b.jpg 0,0,635,638,1
56_png.rf.97e1e6af38dcef30916a46875e47140c.jpg 5,0,640,638,1
165_png.rf.99e7d4a8d7aaa852f53edadc7aa912b2.jpg 242,0,398,638,0
172_png.rf.aaa429c3d2448ec38e4524efd2dfa7a3.jpg 0,0,637,638,0
42_png.rf.ab08438b44380f388469f4a5979817c8.jpg 5,0,640,640,1
183_png.rf.a911ec81abf999844c526eeec2ccaf01.jpg 257,0,386,638,0